start=4.083333
sub-delay=0.100000
